--------------------------------------------------------------------------------------------------------------------------------------------------------------------------------------------------------------------------------------------------------------------------------------------------------------------------------------------------------------------------------------------
                      (1)             (2)             (3)             (4)             (5)             (6)             (7)             (8)             (9)            (10)            (11)            (12)            (13)            (14)            (15)            (16)            (17)            (18)            (19)            (20)            (21)            (22)            (23)   
              landuse_sfr    landuse_ap~t      pct_rev_ff      pct_rev_sa    pct_rev_debt    pct_rev_debt    pct_rev_debt    pct_rev_debt    pct_rev_debt    pct_rev_debt    pct_rev_debt    pct_rev_debt    pct_rev_debt    pct_rev_debt    pct_rev_debt    pct_rev_debt    pct_rev_debt    pct_rev_debt    pct_rev_debt    pct_rev_debt    pct_rev_debt    pct_rev_debt    pct_rev_debt   
--------------------------------------------------------------------------------------------------------------------------------------------------------------------------------------------------------------------------------------------------------------------------------------------------------------------------------------------------------------------------------------------
above_x_med        -11.06           1.921**         0.457          0.0502           3.281           3.281           3.281           3.281           3.281           3.281           3.281           3.281           3.281           3.281           3.281           3.281           3.281           3.281           3.281           3.281           3.281           3.281           3.281   
                  (-1.48)          (2.92)          (1.58)          (0.06)          (0.13)          (0.13)          (0.13)          (0.13)          (0.13)          (0.13)          (0.13)          (0.13)          (0.13)          (0.13)          (0.13)          (0.13)          (0.13)          (0.13)          (0.13)          (0.13)          (0.13)          (0.13)          (0.13)   

samp_destX~d        13.24*         -1.092*          1.312          -2.444**        -52.42          -52.42          -52.42          -52.42          -52.42          -52.42          -52.42          -52.42          -52.42          -52.42          -52.42          -52.42          -52.42          -52.42          -52.42          -52.42          -52.42          -52.42          -52.42   
                   (2.50)         (-2.54)          (1.92)         (-2.66)         (-0.86)         (-0.86)         (-0.86)         (-0.86)         (-0.86)         (-0.86)         (-0.86)         (-0.86)         (-0.86)         (-0.86)         (-0.86)         (-0.86)         (-0.86)         (-0.86)         (-0.86)         (-0.86)         (-0.86)         (-0.86)         (-0.86)   

samp_dest          -5.002          0.0626          -0.630           2.001**         29.67           29.67           29.67           29.67           29.67           29.67           29.67           29.67           29.67           29.67           29.67           29.67           29.67           29.67           29.67           29.67           29.67           29.67           29.67   
                  (-1.23)          (0.21)         (-1.19)          (2.76)          (0.56)          (0.56)          (0.56)          (0.56)          (0.56)          (0.56)          (0.56)          (0.56)          (0.56)          (0.56)          (0.56)          (0.56)          (0.56)          (0.56)          (0.56)          (0.56)          (0.56)          (0.56)          (0.56)   

blackmig35~e        3.969           0.114           0.883**        -0.512           43.43**         43.43**         43.43**         43.43**         43.43**         43.43**         43.43**         43.43**         43.43**         43.43**         43.43**         43.43**         43.43**         43.43**         43.43**         43.43**         43.43**         43.43**         43.43** 
                   (1.08)          (0.35)          (2.96)         (-1.18)          (3.25)          (3.25)          (3.25)          (3.25)          (3.25)          (3.25)          (3.25)          (3.25)          (3.25)          (3.25)          (3.25)          (3.25)          (3.25)          (3.25)          (3.25)          (3.25)          (3.25)          (3.25)          (3.25)   

mfg_lfs~1940        0.495         -0.0349         0.00125         -0.0149          -2.181**        -2.181**        -2.181**        -2.181**        -2.181**        -2.181**        -2.181**        -2.181**        -2.181**        -2.181**        -2.181**        -2.181**        -2.181**        -2.181**        -2.181**        -2.181**        -2.181**        -2.181**        -2.181** 
                   (1.67)         (-1.65)          (0.13)         (-0.74)         (-2.78)         (-2.78)         (-2.78)         (-2.78)         (-2.78)         (-2.78)         (-2.78)         (-2.78)         (-2.78)         (-2.78)         (-2.78)         (-2.78)         (-2.78)         (-2.78)         (-2.78)         (-2.78)         (-2.78)         (-2.78)         (-2.78)   

transpo~1920        1.333          0.0246         -0.0665           0.179*         -1.486          -1.486          -1.486          -1.486          -1.486          -1.486          -1.486          -1.486          -1.486          -1.486          -1.486          -1.486          -1.486          -1.486          -1.486          -1.486          -1.486          -1.486          -1.486   
                   (1.37)          (0.28)         (-1.43)          (2.23)         (-0.65)         (-0.65)         (-0.65)         (-0.65)         (-0.65)         (-0.65)         (-0.65)         (-0.65)         (-0.65)         (-0.65)         (-0.65)         (-0.65)         (-0.65)         (-0.65)         (-0.65)         (-0.65)         (-0.65)         (-0.65)         (-0.65)   

m_rr_sqm_t~l      72781.2         -4690.1          3148.5          5412.3        -12810.8        -12810.8        -12810.8        -12810.8        -12810.8        -12810.8        -12810.8        -12810.8        -12810.8        -12810.8        -12810.8        -12810.8        -12810.8        -12810.8        -12810.8        -12810.8        -12810.8        -12810.8        -12810.8   
                   (0.78)         (-0.98)          (1.46)          (1.31)         (-0.11)         (-0.11)         (-0.11)         (-0.11)         (-0.11)         (-0.11)         (-0.11)         (-0.11)         (-0.11)         (-0.11)         (-0.11)         (-0.11)         (-0.11)         (-0.11)         (-0.11)         (-0.11)         (-0.11)         (-0.11)         (-0.11)   
--------------------------------------------------------------------------------------------------------------------------------------------------------------------------------------------------------------------------------------------------------------------------------------------------------------------------------------------------------------------------------------------
N                    7711            7711            7737            7737            7737            7737            7737            7737            7737            7737            7737            7737            7737            7737            7737            7737            7737            7737            7737            7737            7737            7737            7737   
--------------------------------------------------------------------------------------------------------------------------------------------------------------------------------------------------------------------------------------------------------------------------------------------------------------------------------------------------------------------------------------------
t statistics in parentheses
* p<0.05, ** p<0.01, *** p<0.001
